country	freq	freq_PD_0	freq_PD_1	freq_PD_2	freq_PD_3	freq_PD_4	freq_G_0	freq_G_1	freq_G_2	freq_G_3	freq_G_4
Argentina	0.0013110080246100295	0.006093080344207148	0.005935997831156884	0.005989645160664705	0.00592006376260058	0.00593975808756251	0.0062164024146461805	0.006196308931471399	0.006059477315593122	0.006164610475157574	0.005903169850740724
Australia	0.0025611190945273943	0.01626978338223395	0.015862817049539586	0.016000889036521884	0.015819031886592724	0.015872220195969164	0.01450577187559641	0.014454280967673087	0.014138881406637162	0.014385459250847065	0.013776093203034271
Austria	0.005771039706346457	0.016276444603376444	0.017828016686378508	0.015995680162993974	0.01582439106837235	0.01586728384863385	0.018698381353841543	0.016583572386449964	0.018252772178416737	0.020605521909581072	0.019739457818917915
Belgium	0.016964206378630456	0.026918223929206838	0.03014648318884402	0.030440060918581608	0.026164578809690305	0.03017332602424612	0.03176515746798132	0.04563404390831121	0.04188758465662667	0.03436021173341135	0.04345865027584444
Belarus	0.003360056500117964	0.004062427535872533	0.003957495235329454	0.003995209808307402	0.003945889451294079	0.0039600658129444796	0.004143722119748648	0.004131271551294589	0.004039698464365639	0.004109798580429831	0.003935145151193789
Brazil	0.02029706989898	0.03294342366919923	0.03438157160141668	0.03242227623381297	0.03404012615193511	0.03785114187625439	0.035756966617038165	0.039766509114889	0.03484886849755567	0.037171545627743725	0.03390469434625147
Canada	0.016804878497170397	0.041118524121881245	0.04005846482502198	0.04046698558364455	0.039950363850700756	0.040085280684427495	0.04597617123856085	0.04218879368788278	0.045323377536084154	0.04559651130120271	0.04212224069094237
Switzerland	0.010951876851803622	0.020465850271412386	0.021930593245851216	0.022150538167257795	0.02188250598081614	0.021956428553230396	0.023019244588993366	0.024971328964739255	0.02248706077908499	0.016630402892931644	0.023844359770935675
Chile	0.004713194493383297	0.006103219053594409	0.005946625881903191	0.006000464778838886	0.005931175996697304	0.00594970767685647	0.006225106284411345	0.006205552363152073	0.006071032371313314	0.006173532169974492	0.00591206663571381
China	0.03213329309282994	0.011941770437499263	0.011662602452003805	0.018744059419006868	0.013953527718606973	0.010139434720201611	0.012300953897496504	0.0120748762822848	0.004196903751431407	0.012137364119286242	0.012865015346267092
Democratic Republic of the Congo	0.00015932788146005616	0.006098483582350554	0.005942695339401839	0.005996933212984975	0.005925519389640248	0.0059447712670152395	0.0062165154400096664	0.006197667154296129	0.006058974995498888	0.006164469710915061	0.005903257476464022
Colombia	0.0018694216091503226	0.004062360582917542	0.003957581361982962	0.003995185133766563	0.003945824040498923	0.0039597506431165485	0.004143862897667632	0.0041312491142426536	0.004040012063225453	0.00410965338493631	0.003935211416011053
Czech Republic	0.002785556927545646	0.00815202705876066	0.007941372650760808	0.00801646549958448	0.007925863001606909	0.007947087145660715	0.006224695005490657	0.006218562302786634	0.006081093287411019	0.006182606418725548	0.007880934909894345
Germany	0.058383710562519335	0.035536000074286	0.034625565737410435	0.03698405935807423	0.0386287494829423	0.03667235275663202	0.036680142772169216	0.04244729475458473	0.039868405593177496	0.0400808780988622	0.04048528584217935
Denmark	0.003144427660545821	0.012191460056111462	0.011874891023645934	0.011983342811986599	0.01183971333954954	0.011882718394326761	0.010373395375870205	0.012402453492296624	0.010174692647006057	0.010299018330066466	0.009858555121593868
Algeria	0.001197640108955759	0.002034830361108874	0.001981553328967331	0.0020021615422737287	0.0019801372036751625	0.00198462605977738	0.0020759583592428353	0.0020709021530855264	0.002025002320700999	0.00205964196040548	0.0019735533876315443
Diamond Princess	2.680998005337484e-05	0.004075352401246259	0.003970190278176898	0.002006514370233276	0.003959719922226265	0.003973407422902399	0.002073128379011268	0.0020661850840719455	0.0020276210982371683	0.002055933301575109	0.0019692121241251933
Ecuador	0.004283085813384155	0.004062016422484779	0.003958013101827097	0.003995517898081814	0.003945812575364226	0.003959510715561156	0.004143571840552917	0.00413211778017381	0.00403975040236904	0.004109621576236234	0.003935198748341316
Spain	0.07976696765337607	0.030709895427121978	0.029931045671653972	0.03239214304612969	0.029915405064168878	0.03207604894768275	0.027855089903380655	0.02773161114233915	0.027065111243688062	0.029397475401111962	0.026387338746058274
Estonia	0.0006147145426523803	0.006096982089604151	0.005940251547589056	0.005995461933882995	0.00592434536209254	0.005943568448490684	0.004146294458597324	0.004207601172359864	0.004043594060706939	0.004112195176374181	0.005903324320215909
Finland	0.0016832837476368915	0.008123144310889088	0.00791247419659167	0.007988296302863681	0.007896790963475448	0.007917993195616486	0.006219488019820009	0.008263914901847424	0.006062274153942375	0.008218948573015597	0.007870997167748512
France	0.04694695607146468	0.04295585073983131	0.039957871177794736	0.033943952212598445	0.04168490219930977	0.03785062028992708	0.04553377714451791	0.05331490120950346	0.048881968725562656	0.04738449171702926	0.04862997613712692
United Kingdom	0.05494667111967669	0.060788584856626415	0.05922316084726414	0.058058852269671266	0.060995674733485473	0.059116316134637	0.05690897106729844	0.05449685585815107	0.059607195518523275	0.06064577458289625	0.06004149187426365
Georgia	0.00017005187348140613	0.010160519217680172	0.009894059624823894	0.00998244827650436	0.009868664530209516	0.009901510386878325	0.006216708391636768	0.006196231972475125	0.006059427588735412	0.0061643413423714795	0.005903278967377838
Ghana	0.000489856635546663	0.008161020906675564	0.00794988190483557	0.008022606718015919	0.007930354934254424	0.007955833699923271	0.006216503487632488	0.004174650222391901	0.00605904328138838	0.004153550705717525	0.005903239925291323
Gambia	3.82999715048212e-06	0.006093182012271124	0.005936860719703159	0.005989614824749299	0.005920156738679873	0.005939661376215151	0.006216310110245005	0.006196759974809884	0.00605911531045264	0.006164270322748616	0.005903091361252865
Greece	0.0009536692904700476	0.006096754153059677	0.005940233687401959	0.005993702882715301	0.005923917570002097	0.005943287760633425	0.00414559060022924	0.006196406161693991	0.00605972300215763	0.004111630961583683	0.0059032654266215154
Grand Princess	9.574992876205301e-06	0.006104109758057384	0.0059474664671498026	0.006000747026837675	0.005930824599832997	0.005950286827138039	0.002073603044397576	0.002065892546300761	0.0020218413484636875	0.00411170800157453	0.0019691478308356655
Hong Kong	2.3745982332989146e-05	0.006134097763716077	0.005975216776049059	0.006029573433261344	0.007953647716669072	0.005978939157077662	0.002081306888074564	0.0020743257501511414	0.0020294616501065226	0.0020724485079307515	0.0019833850732813687
Croatia	0.0007694464275318579	0.0061009866204058535	0.007916554751980978	0.004000691828573271	0.0059295323130932115	0.00792322635855137	0.004145954566937846	0.004133148895079875	0.006059988167160838	0.0020582749914537873	0.005903314724652762
Hungary	0.000935668303862782	0.004064719504734777	0.003959342606273827	0.003997542526599105	0.00394879327348631	0.003961943381427094	0.004145878337010095	0.004133474656287333	0.004042307137676409	0.004111712740341417	0.003937220608184239
India	0.009385791016971484	0.014553845381240164	0.014189973428137388	0.014317037346722138	0.014143292684676914	0.014198318096779211	0.015864038693698887	0.018023019891996853	0.016403558217088818	0.015964438269969003	0.013991317632723483
Ireland	0.006964466818436686	0.01222503293642785	0.011908170413359129	0.01201770017533952	0.011875430688963379	0.011916326051021274	0.014535644448870564	0.012423459965822578	0.01215491666954393	0.012357328009389639	0.013809260264972851
Iran	0.03377827686896201	0.0020303080118768946	0.0019784739047400348	0.0019995924856873975	0.001973258443422186	0.0019776617060800463	0.002071322555637175	0.002065117066391081	0.002019330055081456	0.002054389723437243	0.001967678927958294
Iceland	0.0006851864902212512	0.008127266631248586	0.007916935098038477	0.007992517046821399	0.00790260616868376	0.007923668885332767	0.00621658176886877	0.006197607018053321	0.006059513406604053	0.006164169096334163	0.00590328540139315
Israel	0.005767209709195976	0.0040623598175387595	0.00395727390563439	0.003995440392666515	0.003945844522438502	0.003959591273564579	0.004143559479637748	0.004130420170812288	0.004039596030065835	0.004109798283142395	0.003935149547986308
Italy	0.07391664700601462	0.006314547575799972	0.00615581493792421	0.006220659979279	0.006139170136506245	0.006165215249272314	0.008569414817427547	0.00855841838155436	0.008356889197406337	0.008533859135351162	0.010142601327754013
Jordan	0.0001689028743362615	0.010159671339210752	0.00989306757257901	0.009980889140249416	0.009868566200409927	0.009901055465144862	0.006216519861255889	0.0041342092888317986	0.004043341571150709	0.004112829142392678	0.005903278672613732
Japan	0.004937632326401549	0.010187913839849502	0.009921234785237149	0.010012312047739844	0.009899525863635815	0.009930960644176763	0.010387938096384072	0.012435280866534146	0.01217367426633283	0.008249291209440018	0.00988214282113344
Cambodia	4.6725965235881875e-05	0.0020317180173437875	0.0019785592951300623	0.0019979709557009424	0.0019742823870154617	0.001977381663842199	0.0020728428001088274	0.0020657143119724762	0.002019058009625317	0.002054974064240152	0.001967947032283789
South Korea	0.004104990945886736	0.010177368821874382	0.009910810007896077	0.009999376509008237	0.009888220114832192	0.009918407717816666	0.008355391938556252	0.008329258974844059	0.01015082969854139	0.010356811848481369	0.011882109158609145
Kuwait	0.0010011612551360262	0.00812657451647845	0.009893869329466972	0.009982529997923446	0.00790177596288109	0.00990092446185922	0.006216413312912391	0.006196646205890049	0.0060590707092074815	0.006164288185390461	0.005903195689256701
Sri Lanka	0.00016085988032024906	0.008122388319714126	0.007911775326955637	0.00798886285256842	0.007897142976114347	0.00791808300366073	0.006216331337433401	0.0061980221626391375	0.006059353834552587	0.006164405083829344	0.00590333942108054
Lithuania	0.0005400295982179789	0.002031781636085469	0.0019795862238089234	0.0019979413016775415	0.001973878711643858	0.0019774149600217074	0.0020715940767419747	0.0020653354771877365	0.002019269019140708	0.002054628781699144	0.0019678091607579396
Luxembourg	0.001415183947103143	0.008122168342357627	0.007912508814621142	0.007987143313269822	0.007896857495632716	0.007918257425832154	0.008289300325873966	0.008263257542554176	0.00614164355289296	0.0073456187103167	0.007870840529137006
Latvia	0.00030027177659779823	0.010159412946351436	0.00989331677048416	0.009980980368824314	0.009868665491023686	0.009901263514597997	0.00621640812219846	0.0061975168868048545	0.006058784128086528	0.0061644896542675945	0.00590321315504696
Mexico	0.004929972332100585	0.016257084511499445	0.01584902020669876	0.01401046516910282	0.013839523521566238	0.013891424683007794	0.016581795483806082	0.01446662433943218	0.014149266895191507	0.014396630519545794	0.013789644541071268
Malaysia	0.0021796513783393745	0.004083521347945059	0.003977716789761044	0.004017375283587856	0.003966928020254834	0.003981724261884829	0.008302112064422325	0.006228366276700117	0.008479289103915814	0.006204837418530969	0.005949452571713424
Nigeria	0.00041938468797779216	0.0020325655639438496	0.0019784104267634287	0.0019983420879225665	0.001974045591658234	0.001977913008079466	0.0020710767907675147	0.0020652900309446392	0.0020193031298113076	0.0020547239199562427	0.0019677343749634076
Netherlands	0.013992894589286426	0.0266920040848117	0.028002973927385842	0.02829739647724106	0.027936149706744337	0.02802988113339901	0.03389569130972714	0.02513379921012496	0.03642020112998246	0.03619406919162106	0.024018422289660463
Norway	0.0028372618890771546	0.010166524564732693	0.007926837810737596	0.011982871583342564	0.005933133941071601	0.00793368159634645	0.012444164977684944	0.010361344926703956	0.01415015316201343	0.01233516925886288	0.007991050292058757
Nepal	1.876698603736239e-05	0.0020315337216479726	0.001978473702026977	0.001997973179369161	0.001973908251098314	0.001976135077100725	0.0020714267464195823	0.0020647834911783963	0.0020193068139559016	0.0020549393860296397	0.001967686169461032
New Zealand	0.0004278106817088528	0.010159269536999983	0.009893690784333387	0.009981042453165471	0.009868795362674074	0.009901050997327117	0.006216494113027065	0.006196047546758498	0.006059173589454544	0.0061642160349155125	0.0039373986504617035
Pakistan	0.00457301659767565	0.002031143544544137	0.0019785384782123406	0.001996965764122033	0.001974087901237812	0.0019784107886415556	0.004143492147288728	0.004128860425757888	0.004040444568328073	0.00410958866887116	0.0039352191201422635
Peru	0.008291177831363693	0.0020319196195430636	0.001979303142074917	0.001998861957930983	0.0019736686512735464	0.0019791311282826647	0.002071591266421536	0.0020649218830829743	0.002019664057946368	0.0020544625553745874	0.001967652565388395
Poland	0.004171632896305125	0.0122052282774724	0.013863877913122434	0.013991169999912133	0.013828125252299973	0.013872082618553144	0.012457248055572552	0.012419700950189336	0.016174784254050636	0.016454906030387195	0.013794920711711438
Portugal	0.00891278636888694	0.022425338776662484	0.02185677269981254	0.022072442598314437	0.02378728824443052	0.02187725989082955	0.029144029068793813	0.029020638876020324	0.028391029577220006	0.03090683185173863	0.027651891890474095
Qatar	0.0032650725707860074	0.002031029666758874	5.850252802556962e-09	5.747271129729162e-09	0.0019824549157769996	0.0019752112416695825	0.002075072533430559	4.077032944429915e-09	4.03935008542249e-09	6.159273751702561e-09	0.001979054192035239
Russia	0.026282206446038403	0.03523029730535951	0.034355857307157144	0.034690654775703086	0.03432028767067449	0.03435950542888608	0.03401258359827852	0.0356914117990144	0.034970438008227536	0.033436911687525946	0.039931944277023866
Saudi Arabia	0.005784061696658098	0.004065022650990448	0.003958944859065606	0.00399809699539458	0.003949007487899918	0.0039620199008045046	0.004146006237579749	0.004132919656803356	0.004042739364838793	0.004111756007481157	0.003937182546952683
Senegal	0.00020873484470127556	0.008127452146462148	0.009893840272324943	0.00998152491904157	0.007902458813923775	0.009901226591678648	0.0062164049071484215	0.004132464309761052	0.004044768219544897	0.006164292151478876	0.003937580981395791
Singapore	0.004281170814808914	0.014240876849728232	0.013880141093719907	0.01400424422059865	0.01581187053911605	0.013888605352710165	0.010396141994576735	0.010361210039409692	0.009744169401558736	0.010304280573940418	0.01379617714639137
Slovakia	0.0005208796124655684	0.008122621296108584	0.007912855663842623	0.007986407382920115	0.007896780982859111	0.00791806524437898	0.006216264047034393	0.006196268266103266	0.00605939881858192	0.006164347282924707	0.005902996940276605
Slovenia	0.0005258586087611951	0.006097597255295779	0.0059413518542851965	0.005995671193540688	0.005925169468327387	0.005944436794920028	0.006216448191268301	0.0041333354073222394	0.0060599978333326626	0.006164193081993415	0.005903254650178221
Sweden	0.00672815599425194	0.014314986509051887	0.013953485741205075	0.014073392396088232	0.015875582448533827	0.013962129398918	0.02076673294331376	0.024834865506601616	0.016239644817657935	0.022677923912989364	0.021773728642349145
Thailand	0.001093081186747597	0.008127374512606578	0.007916896921079136	0.007992008850726273	0.007902564392844296	0.007923764959460336	0.006216225857552169	0.006197109980701966	0.004042884530776664	0.006164369710958547	0.005903242675257825
Turkey	0.04018126610513802	0.018451162828650614	0.017989428198311324	0.020150795050602865	0.019931741407949167	0.019979593845869056	0.020970681604601624	0.01879652328337119	0.020455107410874238	0.01664823561820148	0.02190811806033705
Taiwan	0.00016392387804063473	0.00813767936568045	0.007926886279532292	0.008005040741437484	0.007913674201723323	0.007933097081125252	0.006216143443869449	0.0061972019741278654	0.0060601039311928865	0.006164348323096456	0.0039470663845663865
Uruguay	0.00021562883957214332	0.006126575685907381	0.005968394749996315	0.00602128165348754	0.005951397622586822	0.005971462269840639	0.004145681570251757	0.002066455198578197	0.002034216795103476	0.0020706887974544	0.0039386479357410974
USA	0.34107043824359395	0.16827345926096285	0.17537103618680644	0.17095560799872664	0.17125338018416264	0.1710287707049077	0.17674559111171045	0.17048853844448358	0.18278910823788005	0.1777139985807616	0.1718339104804079
Vietnam	0.00010340992306301724	0.006006473408552272	0.005850252802556962	0.005747271129729162	0.0058428498954575005	0.005840757128847091	0.006151388813747845	0.004077032944429915	0.00403935008542249	0.006159273751702562	0.005890685579782087
South Africa	0.0016162587975034547	0.006103774326260609	0.005946685726191803	0.006000514098224324	0.005930604044405726	0.005950020904012135	0.0062215855379923616	0.00620225248639933	0.006064363305166847	0.00617007646026563	0.007870993308498149
